18730
23050
23915
24348
24725
25509
25961
26155
27546
31010
31040
31749
32134
32732
35092
35202
35538
36797
37463
38954
39675
40430
40695
41453
41837
43498
43812
45053
45403
46645
47732
47747
48323
49050
49386
49544
50400
50754
54224
55321
55877
55935
56756
58191
59390
61513
62503
63689
64023
64101
64968
67306
67346
67920
70915
71148
72613
72984
73597
74150
75671
79322
79654
80133
82145
82475
87048
87761
88641
35807
73781
69806
48525
47984
49630
35448
57707
86335
78061
81553
57541
60549
35917
37198
88435
40280
52281
18336
59033
24040
65675
26807
31116
44488
48872
62732
63339
7574
31852
66714
27850
43656
61556
30122
44157
41496
38907
49725
62801
44445
23111
14212
10386
25222
17970
38631
60047
73159
53475
85744
45609
28775
43902
77283
79557
30372
27839
40418
44897
46830
82184
30935
18280
19442
19920
23201
24945
25071
27339
27447
27779
29192
31976
32001
33986
34018
35249
35780
36486
37579
46916
47115
52122
53020
56286
57509
64440
67684
68638
72437
74972
80509
81995
83266
85445
33357
11141
86902
35409
66810
69840
43112
47345
24812
37756
24458
21800
50334
88793
29636
76171
70209
46636
32877
30209
64421
80414
60586
39095
51417
34838
63551
59042
34786
29432
62369
27009
70091
67532
29268
45215
49606
78603
80683
39820
15554
62043
73394
57308
37050
52521
45141
50408
77316
20375
48366
69667
72138
84787
87340
38640
48504
69454
10093
43662
44424
44920
54693
68283
79843
46186
45928
85392
18870
85250
31283
27145
38542
83568
33453
69279
71552
28901
50939
57401
68903
32861
9847
48120
65594
67055
17607
52888
27704
53462
56477
33371
41820
22021
6689
21466
85940
57591
87680
81436
41732
24411
67337
25728
29208
32234
80419
47374
86830
86957
50403
41177
46284
84437
29372
13777
31422
34726
51647
59192
88116
55940
86300
42901
30406
12349
37254
49582
28581
39393
58094
4111
21813
52146
31965
27849
41858
33822
13496
42051
43352
9344
43147
37595
59985
22044
37955
87573
73537
63589
26305
89488
29613
33831
52734
61192
85542
80848
29564
49439
30341
8497
43351
79629
10365
19037
41305
35519
34257
58003
52470
22642
30242
26563
66342
43010
67017
22430
52722
33210
59984
29193
66096
23503
28355
34744
50739
47128
57700
85153
87748
57220
66959
79738
18163
31486
43004
83388
40705
45913
50957
87693
86667
41935
5078
27485
34530
38441
45725
83304
23546
34561
57778
83168
15350
78315
64947
28275
42231
52732
36649
68792
34856
62439
427
28491
29690
38559
24501
43479
8278
54101
41757
22157
41347
83790
38106
18255
64197
31270
36298
41648
38847
60409
68243
38159
47289
9862
3524
75824
87444
56519
64135
71629
54090
15889
18582
59324
38409
9978
38652
7967
32559
43154
71478
20983
56734
30946
20565
89285
57487
73440
1197
33505
11362
45463
4280
52765
43084
13881
4953
43458
30327
10242
35908
58818
58624
12341
15802
54081
17032
79781
33275
45135
16598
77428
17313
75005
20420
34494
36442
44175
41198
12919
24908
56177
31358
37065
41304
45509
84513
9150
46737
17963
24190
84693
51787
9746
50262
40314
77323
72221
39495
21836
70413
27895
55380
87099
16636
17388
30369
25534
79423
38541
44250
45061
87883
88422
41330
23792
29519
37223
33388
48631
32184
43834
19950
31167
37369
27535
48367
53614
19277
19403
38884
1606
1897
40726
59498
9440
240
83294
42456
27341
43342
62481
50551
4153
71530
31024
73784
71590
39156
46473
19339
13360
43710
83204
71962
34570
38821
42785
41174
55237
23686
4265
45756
31140
49468
45325
46532
10207
64094
31049
7180
85949
22891
57080
41049
368
18623
24931
25237
27064
27536
27943
28076
28927
29496
34375
35227
35343
44535
47163
47514
48010
50157
55959
56571
57172
60576
73014
78411
79611
80954
89251
22194
48289
13464
37856
3055
19821
33803
13772
17770
24644
27959
84895
77468
38557
71465
27205
22080
17290
28145
3152
73138
39112
73581
28486
44514
70193
4789
86884
24308
25130
41736
23825
69384
82247
30613
68624
13981
38028
55503
81917
27409
30885
70597
50231
6952
12314
29771
35083
88847
67217
48223
38363
53844
27078
60919
31456
43801
28863
46618
2443
13261
24062
75118
52871
37300
35196
5908
75265
32483
17302
67941
24773
21447
31577
85280
44555
51490
23246
37692
50196
31438
69956
26379
31963
35014
23082
65418
31277
67553
14805
26689
2421
39558
65305
38835
41898
49769
80302
12011
34951
40013
44089
33833
12029
33563
67800
17643
30151
66543
76952
19782
8743
61479
31114
37347
38258
40452
28629
39201
80874
23445
83703
18747
38994
39682
15987
17993
42519
42083
42334
38750
59010
34315
67611
76821
80108
80170
14083
21849
28614
72551
73841
17553
49629
30413
87577
47458
62751
81857
10044
51747
34070
1844
31447
76678
39382
43443
49318
43492
74043
26230
26207
22310
89435
52857
31325
26666
7909
50553
30398
19414
2299
48104
86137
26052
53250
34850
32892
40168
26092
44367
39926
36675
44638
41137
42752
28959
33667
71313
78304
84078
35047
19830
42874
22679
30030
87155
62966
76265
81951
27838
6329
584
23720
73840
48132
63321
47046
86567
51303
82938
62449
18343
25730
51632
16622
3500
17652
42264
44564
86113
11279
11573
45752
33436
46867
19953
42947
41895
52297
8605
40661
62913
47057
4970
44064
83408
21883
19185
79638
13805
40140
34430
10522
42500
43319
25306
36450
37210
39892
53332
82066
27277
40102
5472
35836
34563
48597
31795
21988
5883
26139
14346
85303
32942
54366
59590
39563
78540
22790
32444
72196
14014
29230
64741
65495
24865
54355
20360
17879
1814
1179
22436
21254
36331
67335
49137
13121
45111
23139
2120
32552
21477
66022
3953
50317
22848
27631
13942
49268
84568
25748
24608
44101
31754
33330
38834
2083
19010
21811
32829
41829
3477
40653
34049
31614
26984
20649
32294
24475
19154
23494
29437
30271
11745
71650
54866
12726
3434
61452
10590
21357
30584
32205
33391
27157
68693
41818
51391
25511
63584
22461
53560
48190
62955
30399
26757
34947
40542
40930
45885
59023
61664
62638
66272
70232
70962
85473
85930
89042
70378
88230
39824
65147
23903
35785
46417
48368
41134
59855
26636
79214
37896
77929
7937
14298
29769
61990
29456
39935
43620
69479
65561
24767
21137
12427
36566
45782
62202
19067
28475
373
30212
43478
36956
42981
44309
49729
65653
68573
70212
82629
83334
10686
46879
81894
37268
29323
29610
16236
30363
37503
23220
14864
26837
3111
58040
23095
26040
5686
42438
46597
66875
11933
31085
85820
72443
856
21228
5046
54399
1270
61668
14798
10130
43231
47900
73313
23640
33485
88091
32685
22443
49820
41872
74425
26592
28974
76756
28392
39702
56749
39976
83755
59779
7334
19287
13585
503
57765
32656
17271
21345
4950
61949
16718
3702
23751
3285
10654
62266
62884
85162
45185
86485
25981
59776
13007
41572
52419
57195
80676
32971
17421
46381
38146
7504
39871
71991
52754
86453
84029
41203
36089
24720
3450
3237
15595
40910
46289
53945
36729
35904
45399
45569
46804
40305
80390
29299
80686
2278
19542
23447
13235
16761
33244
80172
5885
38007
49558
37830
31198
39801
40671
45706
48167
52501
59451
61039
72749
33239
59240
58844
9419
8318
29104
42163
60208
69519
73986
75281
80058
30898
4380
47891
34647
37066
9519
72466
5270
19934
68531
31799
23995
23480
29971
1014
59176
66452
54059
39950
79821
49842
11020
42253
39149
30927
14816
77743
6395
41467
6174
87243
30052
52565
29017
14058
39795
37855
74421
32704
33808
35068
47827
37525
2532
58108
33718
22383
55073
2252
38977
38608
58977
60693
9653
1627
20437
23533
2751
19861
25210
59546
49225
30315
2068
19427
67530
27461
40365
89372
58849
49600
44781
2846
2522
48099
64364
42173
63082
12929
1103
51523
6650
47791
23014
30856
40617
9425
31941
37542
11904
26710
28658
33076
47875
84541
40084
42750
18104
3424
77896
8161
31075
54298
49861
6864
35907
47034
34012
4933
60398
78550
25422
40554
87258
813
19365
50171
59019
44259
11322
89191
3538
36053
18128
59761
65647
78228
7126
26832
49341
17788
73884
80836
43826
45207
19870
75620
26182
22429
79397
31269
39097
13328
38722
43758
69442
9156
25283
20068
33205
26560
14823
85078
40798
85734
65622
28938
2947
12962
12720
56909
74270
36269
47676
43542
37945
55248
2427
79054
87468
6839
64310
28828
19767
85871
79345
44775
36340
15439
62989
74099
6405
59150
79613
8711
23211
18416
85616
21649
40577
45453
11194
57497
18804
50016
16482
37154
33153
30375
6621
34036
62170
49348
1173
8536
83380
29532
33991
42000
73176
21595
21919
62777
11884
16329
45447
47734
38721
33489
30566
44624
62943
42694
15458
11013
2922
43760
11098
20004
16516
30404
63352
37269
61829
83899
9732
36792
67104
39102
22872
29940
23359
20605
80351
38972
21733
65854
4666
82119
34950
16504
24976
12930
26103
23985
31034
39679
2187
27963
32837
41565
38202
906
37461
17692
13995
12694
37554
30958
25919
36516
37905
44405
70528
56327
363
13860
44858
63909
76515
63199
64131
65568
18550
35694
46802
65109
76566
86819
33193
70207
30489
42857
10301
57318
760
45590
12393
26018
53892
83426
13164
19457
19576
69000
44202
36722
39898
20090
14334
45290
84156
47957
19927
60377
10363
4323
12121
84495
8586
52683
18181
21535
12926
30295
32202
82883
19451
17025
57171
51657
49373
33105
27791
39139
23822
5009
74358
44937
40201
61569
38218
42287
45846
50729
26630
47106
25031
66287
31222
11095
36541
25812
7451
78818
74327
52809
81533
23491
27715
5749
43213
53954
36583
33762
35424
38796
69490
69892
55153
42967
2290
83278
40047
46193
56866
12533
37409
74010
86588
63639
17941
8749
22185
41741
44545
33450
54411
15317
40696
87104
83217
27822
12874
40958
76806
10761
17873
45259
18763
7814
53373
8299
47030
29282
49754
12340
24373
30491
7765
34250
34539
27957
31019
12020
63569
7579
422
75355
1285
24932
85800
81416
2006
88038
37670
85911
21027
50989
66447
39103
43693
22440
64266
14744
51149
43950
41879
22757
45818
27890
20934
35221
13450
40359
25622
28182
4890
28003
25477
80314
82775
22340
50491
88724
10125
27020
11459
1456
32418
21396
48174
41579
44692
65294
23004
24287
41514
42693
38872
38458
82944
28868
25564
34815
76012
38844
27572
23512
47873
40896
88857
17342
13302
16023
25823
46940
83306
52333
29663
69476
49566
28761
89328
39591
62694
41015
47991
60427
66139
64196
20580
38439
56851
19994
47880
9937
41257
36322
38704
34442
34243
76926
46787
44167
22374
84125
29054
21043
33342
30985
70614
16304
34651
49032
22829
33008
55999
33628
37580
6821
25444
5245
89466
29122
24450
37605
81279
41403
30407
26643
37368
44440
28362
10860
63564
37519
36037
84974
32884
54774
47448
69866
44601
45239
87857
70675
37780
73114
76173
44219
20963
65634
39541
66178
344
44577
48622
40540
22844
82616
39909
25241
21026
29088
44391
24646
23962
63244
35688
7575
2289
37761
55639
10172
40550
35599
45809
43978
30530
70009
39619
30500
11429
50718
76405
35745
31597
49872
34318
32523
65372
36004
43775
29549
39627
31355
86946
18910
47167
47513
14593
12752
13539
35591
84087
40484
19189
14766
37187
58563
84025
45424
22221
71733
31130
82266
76548
18466
24324
47262
41442
48224
27404
25463
33769
48273
26065
24036
21189
76298
68315
24772
13391
74955
12684
26238
2919
2709
49232
72350
50560
77007
12621
33368
9927
47186
80937
47807
66466
45408
11890
16017
23826
39081
37735
67501
32607
46397
31150
29061
67789
81741
13340
39485
32093
83686
15519
41061
43384
86121
49191
28522
31571
35563
36709
23017
29644
18947
84670
49888
16331
24596
28493
66478
59753
18934
55320
40613
49480
34535
58468
44591
23918
19089
20638
61573
21348
43183
68967
71855
55152
55316
48956
40071
40541
2075
34622
31359
5221
24386
53238
86286
897
15258
18627
30747
17638
23472
37006
36680
34968
23909
40509
34638
9992
33299
26840
14606
86983
17136
63413
26546
34795
31420
70674
61816
34954
68506
45052
47630
48426
77630
622
37043
3182
32628
24028
51452
5725
49203
73943
49184
22730
42744
2256
85573
67504
6217
3671
17476
30998
47872
25990
38158
24833
69789
47723
39526
19581
60148
25070
59039
59978
34525
48692
31816
58189
14459
32118
47230
36671
44814
24615
48184
45765
32463
42024
27510
24730
26679
31093
83101
65619
29358
34543
72935
13078
21625
31467
55834
72373
79790
5780
32365
44509
63558
33221
38650
28729
53947
28832
64481
47905
28339
76569
48187
87598
37056
21802
41181
32358
29868
3380
14274
86603
74341
36619
16064
85244
33585
32164
10359
14075
63583
75252
60391
10322
37653
9513
33767
74838
15658
23673
36363
85691
65908
31694
41296
28212
44990
30483
18277
78817
5987
49776
27571
1956
33480
61081
33088
67781
74256
88483
11720
18628
68027
7499
20929
3969
26105
28602
35709
53037
17663
82681
5334
45033
83853
17079
84581
28462
18330
2563
48670
55666
20293
7262
11384
36659
39957
38990
14906
38658
80592
30791
30916
27125
72142
84706
21992
2467
46293
32497
22040
44698
55540
61719
71329
82970
22825
33179
52925
4347
14412
7670
77029
4709
39288
21825
3038
1893
72131
13560
7662
25160
24567
44385
35277
40341
60143
48774
44316
16801
21365
86199
35286
24873
77875
40725
23318
75786
57979
4222
26575
31202
55824
16127
74943
24600
12802
22604
32818
24356
9158
21319
23432
11994
78369
41038
24933
40150
11157
45331
32779
40755
11366
85484
48518
33694
12078
29100
17423
26925
15184
26282
88253
87707
32157
16470
21038
35294
85397
43886
47727
11395
29592
59474
27443
61713
30517
66936
37246
34204
69954
13719
26964
29752
3889
76839
46056
40068
42662
69029
35396
41553
48833
43081
62464
4620
62996
72024
15730
42425
60446
34033
9168
25100
61750
57776
25369
1707
36828
6277
13596
85171
61306
18671
27964
34666
19593
49302
12023
37155
21898
43779
50543
69822
21379
74009
17233
79937
41423
24685
41327
32036
46249
36369
47258
2094
34027
41687
47634
9079
22952
14519
49635
26213
79765
18158
34470
84433
49148
44595
9596
31823
40897
51612
25507
82056
1289
47500
9004
21334
43695
35813
20515
59643
27161
4755
37473
27615
20844
32149
3939
86355
37260
23430
17985
23539
32223
30965
88762
44263
69252
23695
73418
23594
76094
40385
40898
56397
42227
32399
17408
70731
18556
81776
38032
19161
56632
3628
32626
85511
42798
42005
88673
28554
27985
41982
15379
71222
26252
48375
50641
85998
40179
43300
74991
48100
61658
33118
50475
38440
47549
54386
30780
37758
24049
32920
31007
53539
62869
36419
58354
26059
44583
9720
69306
9860
30195
18826
8224
69423
53392
29806
2694
35786
61619
85515
34664
45210
20366
23135
35946
16759
12250
9801
53272
79553
80136
49125
12715
42200
24941
85294
1359
29584
25603
40307
37385
22625
19644
9617
28134
30301
51912
31783
36587
34900
38902
19345
5207
10344
21035
60883
34671
16227
33624
5845
54673
67769
34072
6999
2612
69090
55821
42463
76989
19660
36120
88477
45251
75150
26549
29475
48573
8556
57299
29602
3692
46425
42712
74946
14241
17034
64168
58209
43940
31618
63945
9379
14003
11893
38356
28623
16334
19385
8076
84110
82912
2362
60158
18499
28068
971
51284
44894
31626
6862
47215
46179
13048
32936
53996
31998
8574
25831
21231
31288
65934
35425
35107
22136
21842
11177
11823
88420
37333
33160
26438
29270
40018
4388
46248
20131
37641
3284
47380
69034
35527
45875
2147
22427
86047
41415
39207
35473
14751
46048
8629
80539
38209
25734
38681
49863
3456
45128
76048
31883
41412
35440
37705
734
38913
3682
9721
11940
2740
46256
19954
328
20846
50355
7943
27735
29057
56549
68308
31811
24927
48952
43021
45189
30658
43284
69293
28781
6782
30266
33923
2235
20169
38718
20905
23992
76079
40965
21179
69682
46738
3564
39295
38755
35686
35071
12396
29427
32782
69312
23717
48770
81645
63712
20155
21443
25951
26168
26200
26486
26926
28011
28203
28627
28929
33829
36560
37774
46944
49856
50900
51907
54790
57751
60510
63107
69860
72287
74057
78021
78204
78374
79338
38251
48912
13219
41058
20139
2996
30629
27248
76896
8109
54759
39830
10302
42941
31992
8890
40303
26884
34637
77566
48560
41445
82466
25753
22318
56271
41486
5465
10327
29990
40374
37175
44711
24982
38128
14503
26775
10909
11578
18765
26954
56262
80453
26482
33635
63088
59298
25745
61074
43251
63866
13279
16621
43967
46233
45759
48556
60324
55201
14462
28026
88310
30013
41702
33939
26535
77459
14405
21158
22796
72900
87754
79675
39009
19480
16933
36186
38770
45855
71670
36870
39794
11345
35358
14591
32529
27880
38933
89011
18180
36685
23094
40797
7813
38297
21408
21034
75629
32338
18118
15303
5679
88189
35399
85107
32371
14155
48516
73453
8699
45187
7619
36850
22918
40118
79978
36694
14494
47287
49364
32812
32278
60469
26763
38164
16813
43863
3850
23746
17946
77
63596
38134
35113
32874
10253
45116
21395
45003
17947
19551
19738
32972
10012
49466
37990
4400
38822
41869
22660
43487
26334
10793
30733
23997
57480
24705
47966
9087
20372
27398
60801
78886
36742
48949
8785
76233
40861
23267
20404
32759
73583
15399
20465
15603
57011
48084
8482
6735
23444
53132
45600
61717
1596
26759
37956
28121
19188
61726
17021
37526
37875
78013
48798
14354
11357
82706
30487
28664
955
42307
60311
31411
14564
43278
34431
84254
3379
85377
32838
39243
19400
33086
36013
14971
18202
25857
49791
73096
33470
30718
33552
23077
34367
68438
42532
49294
57412
82150
34537
80487
18187
82814
953
34710
10687
26686
37921
38143
41631
82320
23427
18115
20668
19293
5466
3942
47180
37871
34690
9707
75684
72299
87307
12776
43334
27462
40398
34712
52031
76078
15622
23244
39614
48520
42316
23249
31100
43198
53324
12337
29931
19687
28606
21766
9107
19755
79348
72297
25620
4124
5594
28366
80017
78802
58221
36799
19024
21030
27579
4152
15578
53906
77796
30367
42267
32533
21863
44571
60219
63369
27712
23493
74742
26225
6680
88149
29406
12636
64973
19752
55304
83892
26721
13619
84874
691
82975
66128
77329
30665
47622
25685
35392
42748
37344
15779
76481
27972
34271
44273
34188
22881
24499
65828
31105
18963
88754
82017
32543
28073
59573
83130
10209
14676
407
32659
22083
49192
10657
21532
30711
18614
31490
88774
49227
65583
41368
13063
33985
19222
14258
4511
36532
58289
26113
14020
18424
54470
33261
24523
32623
6585
41812
3493
61533
2687
74710
14063
6504
66749
47776
17575
42794
48004
36435
29981
17715
40703
88347
35470
26733
5572
25835
24432
13579
69309
42215
40754
30800
38478
31374
16989
30408
78670
30409
9152
27280
43326
22456
23755
86186
61863
73632
80382
28502
1857
16647
36811
78251
59364
38555
74230
54828
85983
25687
55466
33266
20815
37574
43143
49454
70443
3996
44975
30966
29871
66747
84494
7594
18572
20558
35064
24969
6568
22917
1527
28891
24455
64253
42900
77721
14506
87721
36266
8250
54908
15533
69692
2689
20487
21562
43490
49377
22546
37402
39297
16877
868
34350
28570
598
33618
25926
89259
89190
89160
88579
88383
87991
87945
87879
87799
87725
87639
87344
87332
87042
86386
86380
85938
85402
84829
84794
84534
84392
84240
83227
82870
82828
82760
82559
82427
82405
82096
81829
81618
81445
81353
81300
80945
80909
80730
80409
80236
79874
79293
79154
79073
78841
78834
78718
78480
78095
77886
77768
77529
77426
77411
77322
77195
76799
76590
76110
76030
75911
75901
75850
75832
75677
75327
75218
74895
74743
74255
74151
73787
73334
73256
72691
72260
72202
71373
70644
70281
69798
69751
69734
69649
69424
69123
68901
68362
68204
67514
67122
67041
66886
66884
66846
66639
66474
66152
65601
65126
65005
64089
63804
63694
63399
63060
63051
62618
62536
62398
62396
62261
62066
61865
61720
61612
61300
61086
60973
60613
60354
60165
60142
60137
60125
59949
59699
59660
59222
59174
59161
58801
58741
58707
58474
58224
58206
58066
58052
57988
57349
57116
56983
56686
56318
56121
55698
55445
55421
55383
55381
55341
54898
54867
54862
54857
54798
54206
54176
54126
52360
52082
51524
51239
51041
50763
50512
50413
50326
50284
50227
50166
50020
49674
49601
49357
49166
49102
48719
48480
48229
48115
47842
47736
47565
47301
46722
46591
46252
46202
46153
46144
45438
45413
45087
44670
44086
43803
43649
43566
43263
43236
43087
42790
42668
42477
42241
42088
41941
41162
40786
40665
40434
39852
39639
39143
38730
38727
38422
37294
37058
36731
36391
36187
36128
35581
35314
34505
34487
34209
33943
33815
33108
32974
32794
32382
32019
31493
30954
30925
30775
30289
30170
28786
28312
28306
28142
28127
28065
27784
27634
27017
26909
26130
25657
24961
24914
24763
24741
24735
24694
24617
23913
23810
23269
22077
18946
18795
11613
49628
68842
54307
41411
72363
76755
17189
66778
20221
87699
82567
69630
59770
58282
50221
80388
88233
61795
44092
88109
59126
82333
83441
66648
78570
74357
73040
62488
44222
34196
26100
76084
68862
32633
30930
87927
86282
84962
83219
80684
78264
76120
75984
73279
72017
69518
68433
64203
61955
54647
54367
46210
45872
45190
32729
65008
61764
48457
33045
62410
48177
76270
88866
88239
86480
84617
83411
83106
81974
80158
78425
77121
74883
72759
70718
67801
65040
63257
62673
58483
56338
54894
53619
52973
47362
46889
46367
45958
45686
44536
41717
35293
35265
76985
78052
75756
56041
36780
35163
23284
49327
29760
56256
28388
52975
35219
17329
32553
80007
78751
66908
34636
31556
48363
47603
77263
74540
38883
30255
83315
89329
87532
84447
80715
80026
76579
75261
68222
66137
64640
63565
59101
56692
55702
55218
51547
48549
48521
47021
46156
45473
45322
45232
45203
43534
43398
43237
42556
39713
39572
39344
39042
36440
35900
35300
34732
31723
30940
26070
25246
20120
45122
40913
37805
86928
43856
42973
42356
40460
56405
84756
86488
83345
81088
72911
72143
72086
68767
66232
62483
62158
59902
51948
50930
32854
32010
31092
28633
28006
79407
75962
75887
72057
67813
67494
62052
61155
49151
34581
34134
28708
69117
14427
32561
87893
81697
54510
39242
81772
81962
39007
27008
18093
55495
51936
30366
61842
87971
86547
85287
84540
84074
83944
81745
80618
77960
77910
77845
77662
71177
71159
70034
68797
65549
65444
64777
64749
61350
59782
59114
58208
56752
56032
55319
51540
51073
48862
48699
48202
45636
45615
43633
43402
42605
41233
40736
38460
38339
37904
34618
33173
30274
25206
25086
86882
71963
61595
34351
61982
48790
48372
47521
46206
42830
33113
17011
58034
88037
87698
83820
78856
78418
76285
70292
69605
64361
63357
62893
58726
53080
49877
48051
47433
44004
43019
40489
39509
30593
16506
49657
67132
40952
19386
41800
59533
71190
58921
43309
37205
22275
49124
39992
70759
61521
83945
22068
35192
65491
84001
40266
80934
79080
79075
72844
69525
65371
59021
58871
56940
48672
43101
42898
39430
28516
28340
24621
20691
31008
61061
66024
45831
25072
24888
80881
77858
65403
54671
51441
49073
35377
28050
26828
68392
43646
12844
44820
78762
46661
43848
42899
78240
76792
71814
67762
63865
63221
62252
59030
53703
36191
34424
40692
34030
51945
87225
37399
69431
57450
11379
56133
87872
63454
54538
54033
43062
23055
42233
84956
68835
43876
10050
87049
45192
22738
50047
36915
19196
44292
57185
18709
49236
82949
76422
71594
48531
42185
38875
32885
31068
40915
69963
67912
54657
29841
81575
58493
40922
86278
83874
83270
82097
81334
79692
73867
73521
72474
64518
63324
63185
63111
56867
56739
54586
54529
53351
49448
43100
41847
41424
38517
34747
34001
33469
33413
33409
32900
32871
29384
25830
23525
23030
45750
49305
47340
28813
83602
75184
26368
89338
63846
43067
73400
84316
87183
75661
75296
57289
54479
50998
26337
76436
47948
47396
45975
44567
60835
47473
88871
46778
45064
23037
78232
65064
27731
9985
68930
82520
76156
69417
67716
58204
57386
54497
49939
46219
45495
33575
33213
44022
33936
23468
85811
31416
18913
78030
67667
43559
40538
81040
21692
89350
49087
13470
64881
61265
53360
50521
45097
39749
39284
31751
44763
9672
61986
13242
84996
83471
82695
82443
79341
75579
70684
69625
69356
66559
66537
59157
47928
41267
40361
79833
76630
58318
54200
18503
62498
49064
71931
52125
35526
34731
89091
61679
56102
46380
38848
35112
32474
77556
16250
81523
33884
61699
40288
37655
36550
83792
68185
51653
53387
81012
38466
59410
63612
18927
89236
88110
87286
87196
83622
82804
81291
81278
80920
80743
80161
78739
77965
76390
76266
76123
75093
74702
73145
72158
68045
67928
67765
65121
64876
63167
62880
62677
62042
61993
61354
61223
60038
59714
59216
57775
57711
57620
57612
57187
55658
55485
55257
54842
54063
54029
53255
52956
50802
50692
50068
49998
49470
48628
48385
48043
47388
46220
45776
45309
44177
43397
42659
42565
40417
39943
39177
38793
38319
35175
34983
34203
33955
33398
31635
31204
29994
29498
29426
27908
26654
26318
25697
25399
23421
21523
18532
18171
39035
48566
16091
40017
73807
58842
42695
25028
88520
53811
41924
76333
65309
47899
40935
80160
78493
77445
76497
56344
41816
40831
33406
32980
32059
31667
29176
28082
41716
27089
13374
33020
38296
50938
36000
70486
84840
64475
48761
34050
31453
22161
40184
49812
23266
86943
25956
46728
73431
28777
13234
23560
69995
62811
61508
42590
63066
46014
32547
31413
67770
20006
33640
12297
15152
86728
81707
73116
43553
42650
31112
68976
23167
25744
24618
46934
44112
23231
40693
60378
68336
49864
43807
42071
85810
82589
77593
70958
69816
64826
58489
56265
56159
50116
38423
21725
51789
15294
32587
35613
71388
79049
52284
51136
74414
53928
88702
76993
70431
53481
51455
43433
41594
38761
33655
31957
27173
18014
86075
58058
76637
15295
56620
86080
79118
87266
82522
82156
74592
74241
69994
68891
59986
53598
52670
51047
50482
49867
43374
42221
42121
39769
39645
39244
32448
30870
26531
23626
28533
56406
33929
84619
46866
23337
31370
25602
38011
61872
83877
79568
78239
74197
73336
66641
62855
60257
57252
56464
55089
48185
47320
46985
45222
55091
44048
25980
17204
34283
75279
46046
44728
72447
47468
76960
53050
51971
88856
82258
77355
76360
73070
70572
67554
61560
50490
47801
42041
40721
35758
20106
48271
69487
52411
42006
64869
21412
85493
53492
23952
22890
52992
30213
48118
40105
32376
65781
59207
41521
41896
42929
75510
62305
47874
36171
73989
25915
47423
42891
62735
64828
64187
66823
46614
37898
88414
88119
87695
85925
84977
84686
84123
83512
82142
79196
78807
72214
71866
67664
66656
66486
65435
59353
59279
57640
56182
55731
55369
53210
49273
46045
45773
45074
44839
43914
42229
41779
41755
40946
40892
37932
37131
36553
35876
35816
32404
32083
30492
30238
28153
25309
23020
32216
15426
44998
49058
77268
86605
82328
75018
68515
67479
62933
57750
57410
47330
45621
42151
54539
37106
72194
62205
36488
24452
22884
84201
42383
14293
28788
69366
21061
52208
38620
88802
85348
78389
73469
60917
55505
52999
48621
40196
38449
35057
31052
26595
63699
74409
28288
83697
24415
56790
10234
72830
66038
76261
51565
27682
76598
67816
86972
74196
59570
40973
49288
17948
68002
59678
44655
67190
22076
25701
33925
53352
79148
75655
74246
69285
66430
64126
49992
49802
34093
33467
19071
43590
41265
74169
46510
38074
81897
72001
35130
38624
71331
39855
30063
15214
51386
54958
85241
63119
47673
66663
31334
76132
54587
39387
27263
52191
88632
22409
67294
20468
83751
78932
74265
70582
61469
55258
52944
45904
43961
25898
68054
60279
20014
74194
70512
35920
85609
80201
79729
67023
61614
57939
57385
55063
44560
39050
67445
86146
52577
32969
67980
50820
45129
62208
41892
31026
39960
52714
16099
60603
54720
33805
29018
54302
40092
42491
38137
80142
50347
84431
28550
59755
62370
36134
78024
84588
82958
74792
88689
40766
25168
58760
35501
82337
55328
34355
22937
29036
88039
80765
56768
41535
43332
39709
67842
86811
86633
81134
76953
75816
64800
56630
48181
43373
36502
33001
28208
19819
60728
88359
87110
85518
84978
76791
71800
70081
66701
64916
63667
59970
53633
48112
47281
46047
42999
39566
37793
26038
86644
36396
21164
44778
65859
42250
37966
69089
62832
50109
28622
79683
64558
35026
33756
29509
59056
81610
38318
71713
43400
77293
74028
37182
72597
84603
74753
64901
22216
89407
56308
71778
85690
79777
76679
79232
57441
81718
46329
46539
37704
50818
49023
33474
27811
54800
60535
47616
40818
69158
66586
66285
65649
50388
45596
43117
40046
38765
34716
29452
28195
13518
42896
67478
78005
65708
53712
39666
32433
68881
56261
47011
86183
57942
27662
27056
24830
80403
60675
64581
20363
74722
41095
63251
42573
35283
78045
60875
50080
49693
48736
46115
38136
26552
36293
26033
24129
88743
44868
35534
74410
40800
41636
21267
48712
39353
31857
25661
18935
83216
18700
14439
31276
47036
54849
59798
42701
87969
49889
45246
49616
84674
46317
15261
45273
34212
88893
87404
85857
84700
83283
82555
80582
72482
69201
64274
48930
40547
35005
33464
24528
72651
86441
74951
48817
75954
56284
46171
23420
81277
80485
80145
60922
49698
44959
33283
39146
81198
76389
50616
78809
78643
86516
83073
82338
80850
79227
77061
76047
67582
64277
56337
50438
46525
44850
44327
44246
40255
39890
73630
79718
79595
45661
72591
32859
38618
63039
74371
20364
50081
62778
15300
36254
79997
79902
59847
50927
45837
34195
64626
84504
70956
38139
36727
61195
45691
30833
30720
58821
30465
74695
45155
39162
85501
66488
60857
54410
47109
38305
31469
55191
58993
72338
49065
61892
31845
70870
49264
64050
45758
76060
51670
66514
50333
62695
65467
88603
46110
84134
60448
30088
22320
21499
26195
46358
81864
80648
72866
72230
69102
68865
60817
53225
51499
45137
41817
40605
39728
38671
36576
36507
29938
17562
20610
85334
36199
44939
50629
47417
47277
79099
77016
71351
58374
43246
46681
66997
44045
21433
32721
70579
88595
63500
85282
49016
45869
43639
37543
28884
34007
88995
85344
80790
64882
68197
66827
39407
80071
55541
38335
51006
12918
84945
75939
80023
39337
89454
89349
86229
69035
67895
44791
60303
21600
55740
82540
41601
31598
45821
34371
79301
38876
42872
47251
34338
83104
6191
5817
59110
79976
84858
76787
74855
62565
39203
37374
37221
72420
47455
61557
83757
46035
19639
31064
33012
62881
45134
45242
23302
36472
66548
54736
43954
85890
59893
51362
52068
47177
83594
64237
60267
49667
49467
49388
45856
41934
39640
34669
29234
27297
65035
28593
31234
7175
53570
67840
44125
31111
36229
33476
38859
38496
43184
42797
24470
36735
24742
79252
64680
30262
46912
29666
75134
76243
55352
44884
54393
54161
39072
36025
84599
77826
75538
72718
68717
47612
46170
45289
40321
37972
36969
34996
32131
41852
63390
57447
51258
62281
47318
75760
56514
35680
29640
32400
31548
86484
43905
49410
88936
80978
80045
65524
80106
74120
63787
41479
41022
39776
26384
19753
67302
23226
49624
35914
40139
35311
58275
66263
22202
67396
68953
72465
37286
88944
71158
65523
57911
51314
41861
37329
25423
22981
60269
36069
49845
85782
18899
83625
67001
66907
89484
88240
81094
78502
37695
12284
23517
44966
73707
74077
25723
78835
58743
46286
36286
34719
32852
29591
22149
25091
58724
18381
30235
49059
31886
35016
63765
26613
37108
32318
82525
13182
86014
82783
81580
79873
70147
67519
66921
56021
37929
53458
78238
61862
70641
17709
27532
48729
49561
44375
42704
47278
73967
57524
45845
57176
62360
61512
76325
70297
68275
52784
44090
21266
41613
55558
54528
86911
38191
23193
78597
32012
23074
43955
88132
68380
45873
31835
67537
87645
85975
83774
71121
67157
58983
54333
52220
48690
48605
44804
43818
42942
40346
40197
35820
34198
34124
51749
87738
79941
41623
47545
67538
24521
76467
35246
38467
77832
41360
88287
79117
73459
67905
62490
61105
54557
49018
39799
29069
28188
27460
63921
12600
25341
36031
58820
65260
58851
31423
27074
56926
63325
77254
53602
86788
77248
64684
33511
27503
64958
36545
75165
83937
37034
81363
78934
69722
23808
11005
77786
84773
76571
78598
10329
59122
78621
49577
48935
72992
49711
46544
44740
27541
88388
81895
63435
50344
48918
48873
33816
31659
41609
72506
61204
84833
64003
39692
24964
89386
89103
81938
69039
67168
57606
51085
39192
38647
28198
33893
61960
63721
17261
77652
39323
37713
33927
82020
63268
43083
53312
30520
58085
45227
62219
60494
42914
55929
53520
49041
67353
59483
49031
65038
79804
32471
62532
63994
66963
59097
53963
45435
42076
37839
34769
35127
32642
22597
72813
81235
78106
70914
60105
54721
41164
36101
69561
67648
66426
55003
48557
48230
47942
40597
34787
34606
24126
51272
68354
54254
59011
33301
30376
87602
77446
59756
75407
33527
30051
35242
16199
43442
63317
82007
79102
44389
54362
47376
86443
32230
75175
39189
14244
46296
26356
46638
82586
33881
42067
87888
79259
58558
57489
47344
45443
43621
83446
17166
55172
34957
41384
46931
66374
30830
20607
83872
74709
73338
69468
68615
66635
60912
52823
47399
43874
30660
38124
50307
79115
43219
83088
45170
76625
42074
33661
37348
68113
37832
49496
46343
24326
64813
44948
83440
32324
61640
47854
45139
76290
35976
84899
39963
26623
24007
47402
80983
48140
81808
37067
77527
46011
32903
82865
34800
36614
35213
25129
53069
85504
64976
62399
60517
52953
43258
42683
41643
29930
8297
85853
76319
59638
54632
7233
78609
73278
73567
43979
36406
31331
75080
78099
45481
36423
35729
49380
82699
68687
33232
65789
45707
75831
43551
87833
28944
23804
41893
25292
19241
73964
64141
22300
44035
87116
68939
53471
41670
70126
60124
87529
53918
43613
33056
68008
74058
65715
85769
17859
41223
27014
56673
84860
41222
88158
56722
88198
51703
89313
86502
59610
29033
41525
63930
88848
16074
70224
23611
75972
47297
85188
60954
22749
86726
76875
41534
73565
45407
24247
69571
67036
30484
49381
44031
36040
26978
72971
84905
73237
49407
26786
50870
54428
27739
78135
38667
88479
70951
34058
28803
51876
47158
72819
77535
40414
51859
36668
41745
48134
47414
45271
45488
23762
48781
24237
59061
73689
78272
64517
20373
23580
37109
43051
82208
86232
64442
48403
66380
45018
51401
35069
77320
29726
63913
42144
66248
15791
51557
21629
38118
40878
18091
44473
83180
61789
47856
83980
61638
58316
31791
86816
55841
8837
79003
31717
26626
37073
39374
27362
49323
24212
69654
83571
23377
23019
79000
45047
46134
49477
24173
27287
67186
69763
61969
51467
48650
28624
59247
54247
36593
52081
59608
43437
42266
25924
60749
40917
36961
84621
46893
54972
75683
74653
41604
85736
78496
82587
11732
31151
21173
51793
27123
59453
42698
38600
47078
41041
58769
39165
9446
31449
56334
21571
77470
66403
29719
70525
82997
63359
44243
62143
35742
13303
79451
69072
55300
45360
39534
33704
54198
29291
80878
79505
18357
80461
77131
43185
49030
63554
52696
51870
41142
64940
24331
58881
61660
49114
53228
28573
76417
68267
46548
44658
40847
36048
70815
39324
77811
42424
28824
58156
60399
81494
54506
15953
43539
59621
73878
60963
31758
70249
47879
35532
57102
45630
56981
87369
82928
79556
77879
76768
74691
72822
68139
65927
63483
62265
60694
58615
58115
53307
49786
48281
42649
42411
41247
40712
39879
37213
32180
30905
25502
23102
13237
62379
71950
33992
69324
67166
39003
77284
71484
68456
56665
53153
19411
25965
44895
13061
49317
73486
74601
38057
22979
66552
51774
49458
82092
24818
68788
52694
18777
38689
27554
25573
40497
85252
55269
50046
45543
41032
38154
83869
56346
59017
40253
51525
19004
12519
83335
23477
63469
32819
50621
46850
34374
43182
74757
73872
68776
68734
44484
36647
33739
33354
23121
88190
87390
87140
86618
80032
58340
52460
51755
44751
43567
39119
37458
37181
36051
29517
25941
74814
34966
63782
50664
24463
64588
60400
61160
16157
33781
85547
83685
48077
34005
54007
53916
49290
45742
54186
65992
27242
35728
54944
62739
30223
85873
45095
40850
39205
36777
35668
42775
24660
51305
75297
68936
68184
58400
49637
48463
47187
44569
41044
40858
67697
32902
87056
66544
42115
36028
79646
34066
40562
31517
27769
32496
82583
76152
65823
46767
44217
43925
26345
29445
55424
25703
80407
75289
60762
36446
39110
30995
49131
35673
63177
71586
52119
88734
86834
82700
66981
59576
59307
87218
22647
35903
46493
80740
25590
52451
43998
33835
87239
75391
86362
41487
62393
64454
52549
10988
57477
32800
37486
23051
81666
75481
36257
54160
69505
26808
70559
31986
57150
36515
25971
68032
56922
82887
42764
79429
55805
40748
87708
86764
86329
86265
85674
85434
84452
82918
82455
82244
81901
81285
80889
79782
78816
76936
76438
76066
75383
75292
75200
75067
74752
74214
73900
73517
73271
73178
72751
72704
71529
71392
70516
70274
69362
69358
69003
68675
68206
67540
67269
67103
66693
66692
66043
65511
65335
65300
64979
64726
64329
64152
63915
63084
63075
61277
60654
57614
57322
57247
55769
55692
54023
53710
52995
52800
52092
51707
51005
50962
50582
49983
49716
48186
48114
48098
48048
47834
47762
47013
46447
45991
45645
45339
44859
42602
42099
41790
41202
40730
40263
39215
39142
38558
38288
37835
37521
37179
35962
35859
35725
34395
33167
30827
30556
30424
30374
30027
29336
28764
28728
27611
27453
26796
26440
26281
25680
25437
24800
24289
24164
23241
23049
22961
22110
21686
19597
19226
18981
18570
37942
85030
16018
26708
58896
49383
82496
80226
77851
74484
60384
60089
44832
42098
40545
78524
60819
60276
56706
55695
48212
74714
45685
43783
42664
39646
35378
86437
85271
78298
60775
59489
55498
32597
30276
83645
89041
87135
85520
84753
84689
81692
79879
75363
69988
68180
60547
54508
49517
48626
48538
48240
45923
45252
41532
40416
32531
53056
54711
33727
37452
44394
24352
51688
38424
41335
86251
42508
66673
75562
29867
45519
71653
75051
32018
73446
60106
62172
79267
82510
20451
88645
8035
56818
74822
9276
28692
29459
6805
73108
74584
25840
19849
21613
31386
77197
31861
20727
79935
61774
71802
66808
39213
37697
76872
